-99 -99 -99 -99 -99 -99 -99 -99 -99 -99 -99 -99 -99
-99 0.01 0.01 0.01 -99 0.01 0.01 0.01 -99 0.01 0.01 0.01 -99
-99 0.01 0.01 0.01 -99 0.01 0.01 0.01 -99 0.01 0.01 0.01 -99
-99 0.01 0.01 0.01 -99 0.01 0.01 0.01 -99 0.01 0.01 0.01 -99
-99 0.01 0.01 0.01 -99 0.01 0.01 0.01 -99 0.01 0.01 0.01 -99
-99 0.01 0.01 0.01 -99 0.01 0.01 0.01 -99 0.01 0.01 0.01 -99
-99 0.01 0.01 0.01 -99 0.01 0.01 0.01 -99 0.01 0.01 0.01 -99
-99 0.01 0.01 0.01 -99 0.01 0.01 0.01 -99 0.01 0.01 0.01 -99
-99 0.01 0.01 0.01 -99 0.01 0.01 0.01 -99 0.01 0.01 0.01 -99
-99 0.01 0.01 0.01 -99 0.01 0.01 0.01 -99 0.01 0.01 0.01 -99
-99 0.01 0.01 0.01 -99 0.01 0.01 0.01 -99 0.01 0.01 0.01 -99
-99 0.01 0.01 0.01 -99 0.01 0.01 0.01 -99 0.01 0.01 0.01 -99
-99 -99 -99 -99 -99 -99 -99 -99 -99 -99 -99 -99 -99
